CUST NO.	XCOORD.	YCOORD.	DEMAND	TWNUM.	TWS
0		30.608119999999996	114.25882	0	1	0,480
1		30.615	114.269	1	1	76,141
2		30.627	114.248	1	3	94,154;168,229;321,383
3		30.606	114.26	3	2	51,228;247,424
4		30.625	114.246	2	1	163,279
5		30.587	114.242	2	2	167,285;347,466
6		30.578	114.286	1	2	172,236;237,301
7		30.601	114.23	2	3	18,134;142,257;298,416
8		30.604	114.26	1	1	381,446
9		30.617	114.268	1	2	97,162;265,327
10		30.616	114.239	1	1	281,342
11		30.595	114.26	3	1	216,396
12		30.619	114.267	1	1	403,466
13		30.579	114.273	1	2	38,101;396,460
14		30.578	114.278	3	1	131,311
15		30.608	114.244	1	3	10,75;105,165;176,241
16		30.636	114.249	2	1	179,297
17		30.578	114.275	4	1	121,360
18		30.629	114.252	2	2	92,209;214,330
19		30.614	114.26	1	1	217,278
20		30.607	114.266	1	1	80,142
21		30.62	114.241	1	1	47,107
22		30.628	114.258	1	2	255,320;413,474
23		30.601	114.256	1	1	342,407
24		30.581	114.281	1	2	231,296;377,437
25		30.625	114.24	1	2	281,343;389,450
26		30.63	114.243	3	1	30,384
27		30.583	114.283	1	1	68,128
28		30.631	114.263	2	2	8,239;333,453
29		30.622	114.258	1	1	311,372
30		30.603	114.23	1	1	329,391
31		30.635	114.253	2	1	212,327
32		30.622	114.266	1	2	22,87;401,462
33		30.594	114.259	1	1	166,226
34		30.611	114.259	1	1	82,146
35		30.625	114.25	1	1	296,359
36		30.614	114.274	4	1	120,355
37		30.617	114.259	1	2	277,341;380,440
38		30.621	114.263	3	1	161,339
39		30.588	114.255	1	1	96,161
40		30.606	114.246	1	1	358,420
41		30.591	114.27	1	1	148,209
42		30.604	114.235	1	2	240,305;384,444
43		30.637	114.245	1	1	211,275
44		30.616	114.244	1	2	31,93;276,340
45		30.635	114.245	2	3	35,151;167,286;319,437
46		30.574	114.286	3	1	108,286
47		30.63	114.241	3	1	142,321
48		30.623	114.263	3	1	157,337
49		30.583	114.278	1	1	241,305
50		30.622	114.24	2	1	75,192
51		30.591	114.258	1	1	14,76
52		30.605	114.262	2	1	216,336
53		30.585	114.279	1	1	325,390
54		30.578	114.273	4	1	145,385
55		30.615	114.254	1	3	35,95;192,252;370,435
56		30.625	114.267	1	2	72,136;191,252
57		30.612	114.274	1	1	144,205
58		30.626	114.242	1	1	198,260
59		30.634	114.239	1	2	227,288;380,441
60		30.611	114.244	3	1	100,277
61		30.635	114.251	1	1	256,318
62		30.574	114.279	1	1	119,180
63		30.607	114.257	1	1	38,100
64		30.607	114.273	1	1	134,198
65		30.58	114.277	3	2	11,188;204,382
66		30.618	114.258	1	2	79,141;193,256
67		30.613	114.236	3	2	44,222;244,423
68		30.611	114.274	4	1	194,430
69		30.619	114.225	2	1	79,195
70		30.584	114.269	4	1	231,469
71		30.622	114.264	1	1	35,97